0.0	0.9810118431238463	0.0
0.1	0.9806024379489373	9.620898164580633e-5
0.2	0.9793750732068762	0.00038448277003851267
0.3	0.9773323092070503	0.0008637630929403732
0.4	0.974479921393712	0.0015322878412520047
0.5	0.9708205479049534	0.002387605149245815
0.6	0.9663645673366316	0.003426569493343112
0.7	0.9611227111920364	0.004645351464930303
0.8	0.9550997005751389	0.00603949807698641
0.9	0.9483143520074623	0.007603852051064107
1.0	0.9407830657590968	0.009332633698147855
1.1	0.9324985766653778	0.011219669202510413
1.2	0.9235302563519094	0.013257544475842821
1.3	0.9138192588575241	0.015439493684098112
1.4	0.9034639463986756	0.017756681629213452
1.5	0.8924434737208475	0.020200994148315003
1.6	0.8807565358821448	0.02276385734231465
1.7	0.868512656964666	0.025434499359846624
1.8	0.8556383916860724	0.02820455702886776
1.9	0.8422040481926548	0.031063308086631016
2.0	0.8282817512580707	0.03399924730842531
2.1	0.8137982254299684	0.037003427858021985
2.2	0.7988595605276722	0.04006351666790444
2.3	0.7835067379751036	0.043167847675478564
2.4	0.7676827466038512	0.04630689411508601
2.5	0.751502641262602	0.04946748079985825
2.6	0.7349935760897692	0.05263798515525871
2.7	0.7181134639071733	0.05580858527030622
2.8	0.7009725571518772	0.05896602505455478
2.9	0.6835965323914044	0.06209886628960316
3.0	0.6659539652060427	0.0651973716162072
3.1	0.6481436244571275	0.06824888300207627
3.2	0.6301956348831481	0.07124236115863736
3.3	0.6120866850638207	0.07416850879477443
3.4	0.5939007342929694	0.07701583615423128
3.5	0.5756735572740558	0.07977402239523276
3.6	0.5573891247020711	0.08243450577123308
3.7	0.5391155333512991	0.08498739767784008
3.8	0.520892539544204	0.08742349069020497
3.9	0.5027110125896869	0.08973521029889973
4.0	0.4846240880554819	0.09191454875138318
4.1	0.466672563739561	0.09395381743951124
4.2	0.44885333996137555	0.09584666412693525
4.3	0.4312068732137998	0.09758710036404622
4.4	0.4137719839833997	0.09916929982370357
4.5	0.39655003976273095	0.1005883633067943
4.6	0.3795716462444512	0.10184035339658354
4.7	0.3628712530065598	0.10292153203035492
4.8	0.3464527667520529	0.1038286667888736
4.9	0.3303395638472302	0.10455983990016614
5.0	0.314560106136849	0.10511348215127711
5.1	0.2991190691045571	0.10548819737168598
5.2	0.2840347111363281	0.10568403398289844
5.3	0.2693283677571049	0.10570151406385161
5.4	0.2550042766417219	0.1055411816656968
5.5	0.24107734771595435	0.1052050222674172
5.6	0.22756192073686998	0.10469547377993806
5.7	0.21445911386521174	0.10401488135420883
5.8	0.20178073133639834	0.10316710534628717
5.9	0.18953590446560498	0.1021563785239784
6.0	0.1777231406969008	0.10098674643513345
6.1	0.16634992407749807	0.09966366407517202
6.2	0.15542088719210045	0.09819296755552287
6.3	0.14493165599367142	0.09658019801404301
6.4	0.13488566584191594	0.09483215127852761
6.5	0.12528365475688047	0.09295601728371325
6.6	0.11611855859726546	0.09095859558486506
6.7	0.10738993101279073	0.08884771344100607
6.8	0.09909514190842653	0.08663160589946106
6.9	0.09122462855056397	0.08431804165148965
7.0	0.08377449797433735	0.08191556491609081
7.1	0.07673921727445338	0.0794331162141982
7.2	0.07010717624291914	0.07687911688341034
7.3	0.06387150693835177	0.07426250749590596
7.4	0.05802431099859949	0.07159257164227847
7.5	0.052552193705068424	0.06887803508009988
7.6	0.04744592738337442	0.06612790631821215
7.7	0.04269577456291527	0.06335147291216457
7.8	0.03828715599293444	0.060557427437637625
7.9	0.03420895478187485	0.05775452607478212
8.0	0.030450166228683306	0.054951714094978274
8.1	0.026995439899952192	0.052157323050642856
8.2	0.023832379424965834	0.049379559089878025
8.3	0.02094922332690366	0.0466267228065747
8.4	0.018330409318034	0.043906483095628626
8.5	0.015962776589269288	0.04122623393601541
8.6	0.013834299764915075	0.03859335472972399
8.7	0.01192965169425985	0.03601459048351818
8.8	0.010235453225364712	0.03349630232081987
8.9	0.008739856350735499	0.03104472567579312
9.0	0.007428193020806617	0.028665470126637
9.1	0.0062873568688854905	0.026363690922642343
9.2	0.005306061285148505	0.024144310365416935
9.3	0.004470629488492177	0.022011648676176103
9.4	0.003768702149497709	0.0199695332262062
9.5	0.003189878750452199	0.018021470541570668
9.6	0.0027216926870184863	0.016170395620775095
9.7	0.0023529225140348645	0.01441873873052071
9.8	0.0020744041683955286	0.0127685547277336
9.9	0.0018750008343043796	0.011221361888524893
10.0	0.0017447351455525811	0.009778177330313154
10.1	0.0016759345432392518	0.00843962778144966
10.2	0.0016592166053887398	0.007205845688768608
10.3	0.0016858101266561197	0.0060764898907547295
10.4	0.001749606388245352	0.005050826002039511
10.5	0.0018431272682928898	0.004127687127773005
10.6	0.0019588352130588196	0.0033054782156206274
10.7	0.0020921733856107115	0.0025822332331946933
10.8	0.0022376714790502696	0.0019556189450388
10.9	0.0023890530026091992	0.0014229373206644665
11.0	0.002543151876431153	0.000981163822187224
11.1	0.002696476418399468	0.0006269750844231265
11.2	0.0028440465406509977	0.00035675772030416085
11.3	0.002983866082957286	0.00016663615503791925
11.4	0.003114260533638399	5.250811334636939e-5
11.5	0.0032316263175042586	1.0060527041856088e-5
11.6	0.0033348468335497425	3.4796385059778554e-5
11.7	0.003423773657664879	0.00012206910134756536
11.8	0.0034962681342030205	0.0002671006327052226
11.9	0.0035517493334660966	0.00046501300938689617
12.0	0.003591342036502815	0.0007108603179194948
12.1	0.003614305954045681	0.0009996434243809142
12.2	0.0036203216974580767	0.0013263437874698042
12.3	0.003611467304138616	0.0016859594371603037
12.4	0.0035882742899005825	0.002073511368816889
12.5	0.0035505099918265353	0.0024840716687069123
12.6	0.0035007861077355038	0.0029128114749973092
12.7	0.003440739513974481	0.003354999176046512
12.8	0.003370171879921984	0.003806011321170079
12.9	0.0032917601334511285	0.004261396878871932
13.0	0.003207976990666615	0.0047168730358739756
13.1	0.003118772644937742	0.005168310659012872
13.2	0.0030264193701407924	0.005611808941800128
13.3	0.0029338380485051355	0.006043698552293983
13.4	0.002841374460377873	0.006460504297609799
13.5	0.002750414386619303	0.006859009448898491
13.6	0.002664093393607118	0.0072362816421439125
13.7	0.002583197160108475	0.007589618867412806
13.8	0.0025080059630402784	0.00791658312498803
13.9	0.002441520223175171	0.008215055784722546
14.0	0.002384995284791288	0.008483181621229735
14.1	0.0023376626745442307	0.008719356210731768
14.2	0.002301922419757743	0.008922304149475589
14.3	0.002279423041558008	0.009091040409393437
14.4	0.0022687433157638727	0.009224809306502735
14.5	0.002271194390078374	0.009323164553222487
14.6	0.0022885115453682853	0.00938596311706712
14.7	0.002319329585022877	0.009413273094152528
14.8	0.002363349375540099	0.009405425261269282
14.9	0.0024223017588678158	0.009363044157688589
15.0	0.0024952208808179674	0.00928695428491651
15.1	0.0025801769227434593	0.009178179879505467
15.2	0.0026785864490946037	0.009038002617525766
15.3	0.0027900864975238613	0.00886789454821852
15.4	0.002911562763142924	0.008669461990894753
15.5	0.003043644542608559	0.008444508997521345
15.6	0.0031864897868559873	0.008195011598864058
15.7	0.003336751757565344	0.007923023552090493
15.8	0.0034937591618022326	0.0076307226973394825
15.9	0.003657980589564016	0.0073204213552810074
16.0	0.0038266511659555257	0.006994466754210081
16.1	0.003997593320542031	0.0066552542066563875
16.2	0.004171544247360484	0.006305257168737308
16.3	0.004346571028501668	0.005946951148774758
16.4	0.0045193616199621905	0.005582788812193142
16.5	0.004690609658050021	0.005215236551483711
16.6	0.0048593578315934095	0.004846729854600264
16.7	0.00502177806145925	0.00447962282043728
16.8	0.005178195808827646	0.004116220314867404
16.9	0.005328565426201297	0.003758759883620143
17.0	0.005469261186114401	0.0034093531409595847
17.1	0.0056000212809085735	0.0030700078392149038
17.2	0.0057215178660502035	0.002742626753378641
17.3	0.0058309396966448514	0.002428955308345823
17.4	0.005927305529366	0.0021305926263154485
17.5	0.006012007173431192	0.0018489985923925377
17.6	0.006083218938196473	0.0015854563368449606
17.7	0.006139377204183868	0.0013410735008018257
17.8	0.0061824618049260505	0.0011167936346841367
17.9	0.006211735764793487	0.0009133735244751
18.0	0.006225278968303812	0.0007313799686503213
18.1	0.006225442040061063	0.000571203283902441
18.2	0.006212606061522959	0.0004330461096165209
18.3	0.006184742291085384	0.0003169209179473441
18.4	0.0061443392443692145	0.00022266490714311813
18.5	0.006092830169216015	0.0001499365256600297
18.6	0.0060283347605969454	9.821684100641243e-5
18.7	0.00595324967657534	6.682610244247032e-5
18.8	0.005869897798614409	5.492512854284425e-5
18.9	0.005776786652092003	6.152141185071096e-5
19.0	0.005676015476138533	8.548791436314122e-5
19.1	0.005570553143138982	0.00012556765752705918
19.2	0.005459508764817898	0.00018038389792044844
19.3	0.005344451457265986	0.0002484610729941567
19.4	0.005228851852314353	0.00032823268848756944
19.5	0.005112433184060695	0.0004180530291433161
19.6	0.004996081456144577	0.0005162202725764815
19.7	0.004883593382117797	0.0006209882726360788
19.8	0.004775276985617973	0.0007305769893116369
19.9	0.004671240516029931	0.0008431970443209487
20.0	0.004574894281189845	0.0009570653281515164
